1 0.503125 0.5375 0.9515625 0.403125
9 0.2921875 0.18125 0.565625 0.1125
7 0.15 0.175 0.0671875 0.1
12 0.2234375 0.1765625 0.0640625 0.09375
11 0.1015625 0.4015625 0.0796875 0.1
11 0.196875 0.40625 0.084375 0.1
11 0.296875 0.4 0.0859375 0.096875
11 0.096875 0.5265625 0.0828125 0.1
11 0.096875 0.653125 0.0890625 0.1015625
11 0.203125 0.653125 0.0828125 0.096875
6 0.403125 0.4015625 0.0828125 0.09375
6 0.4078125 0.53125 0.090625 0.1078125
6 0.2078125 0.53125 0.1 0.090625
13 0.9046875 0.3890625 0.1 0.159375
13 0.8953125 0.63125 0.1 0.1625
4 0.0265625 0.45 0.053125 0.0515625
4 0.0296875 0.5765625 0.0578125 0.065625
4 0.0265625 0.7015625 0.053125 0.05
3 0.9234375 0.146875 0.15 0.0421875