1 0.5 0.5375 0.9484375 0.409375
9 0.290625 0.18125 0.5671875 0.1125
7 0.15 0.178125 0.06875 0.096875
12 0.221875 0.1765625 0.0671875 0.0953125
11 0.1 0.3953125 0.0828125 0.1
11 0.2 0.4 0.075 0.0984375
11 0.1015625 0.525 0.0703125 0.0859375
11 0.109375 0.65625 0.0796875 0.0890625
11 0.203125 0.6515625 0.0828125 0.0875
6 0.1984375 0.525 0.078125 0.090625
6 0.4046875 0.4 0.0875 0.0875
13 0.7109375 0.4046875 0.0859375 0.125
13 0.9640625 0.5 0.071875 0.140625
4 0.028125 0.45 0.0546875 0.053125
4 0.0265625 0.5765625 0.053125 0.05
4 0.028125 0.7 0.0546875 0.053125
10 0.1890625 0.6625 0.096875 0.090625
10 0.7703125 0.5734375 0.0984375 0.103125
3 0.9234375 0.1453125 0.14375 0.0390625