1 0.503125 0.5390625 0.953125 0.4078125
9 0.2921875 0.1796875 0.5578125 0.109375
7 0.15 0.1765625 0.0671875 0.0953125
12 0.225 0.178125 0.06875 0.0984375
11 0.1 0.4 0.084375 0.0890625
11 0.2046875 0.4046875 0.0796875 0.0875
11 0.3015625 0.403125 0.0828125 0.0921875
11 0.6015625 0.4 0.0796875 0.096875
11 0.0984375 0.5328125 0.0875 0.08125
11 0.2984375 0.528125 0.0765625 0.0890625
11 0.6015625 0.5296875 0.0796875 0.0953125
11 0.0984375 0.653125 0.071875 0.0890625
11 0.2046875 0.6578125 0.0765625 0.0875
11 0.609375 0.65625 0.090625 0.09375
6 0.4109375 0.4046875 0.0828125 0.0875
6 0.5078125 0.3984375 0.0828125 0.1015625
6 0.20625 0.53125 0.0859375 0.103125
6 0.4046875 0.5296875 0.084375 0.0984375
6 0.50625 0.5265625 0.0859375 0.0921875
6 0.3046875 0.65 0.09375 0.096875
6 0.4015625 0.653125 0.0796875 0.090625
13 0.8203125 0.3828125 0.0984375 0.15
13 0.7515625 0.6359375 0.1 0.153125
4 0.0265625 0.45 0.0515625 0.0578125
4 0.025 0.578125 0.0484375 0.053125
4 0.0296875 0.703125 0.0578125 0.059375
10 0.0890625 0.3515625 0.0671875 0.0765625
3 0.9203125 0.14375 0.1484375 0.0375