1 0.503125 0.534375 0.953125 0.40625
9 0.290625 0.18125 0.5671875 0.1125
7 0.1515625 0.1796875 0.065625 0.0921875
12 0.2265625 0.1796875 0.0640625 0.0875
11 0.103125 0.4015625 0.0890625 0.0875
11 0.1984375 0.4015625 0.0828125 0.09375
11 0.3015625 0.4015625 0.0890625 0.096875
11 0.603125 0.4015625 0.0859375 0.0953125
11 0.0984375 0.525 0.0875 0.0984375
11 0.3109375 0.53125 0.0859375 0.0890625
11 0.603125 0.5265625 0.078125 0.0953125
11 0.7015625 0.5265625 0.0890625 0.1
11 0.1046875 0.6546875 0.084375 0.0890625
11 0.2046875 0.6546875 0.0890625 0.0875
11 0.6046875 0.6515625 0.0828125 0.1
6 0.403125 0.4046875 0.0828125 0.0984375
6 0.5046875 0.4 0.084375 0.0953125
6 0.20625 0.528125 0.0875 0.09375
6 0.4078125 0.528125 0.0828125 0.0890625
6 0.5078125 0.525 0.090625 0.1
6 0.3046875 0.653125 0.0859375 0.0953125
6 0.3984375 0.653125 0.0875 0.09375
6 0.5015625 0.6484375 0.0765625 0.0953125
4 0.0296875 0.4515625 0.059375 0.0515625
4 0.0296875 0.5765625 0.0578125 0.0578125
4 0.028125 0.6984375 0.0546875 0.0515625
3 0.9203125 0.1453125 0.14375 0.0390625