1 0.5015625 0.5359375 0.946875 0.4046875
9 0.2921875 0.18125 0.5640625 0.1125
7 0.1515625 0.1765625 0.06875 0.0953125
12 0.2234375 0.1796875 0.065625 0.0890625
11 0.1015625 0.403125 0.0875 0.0921875
11 0.2 0.40625 0.084375 0.0984375
11 0.1 0.528125 0.0828125 0.10625
11 0.1015625 0.65 0.0875 0.1
6 0.2078125 0.5265625 0.09375 0.09375
13 0.8703125 0.5125 0.1125 0.1546875
4 0.0265625 0.4515625 0.053125 0.053125
4 0.0265625 0.5796875 0.053125 0.05
4 0.0265625 0.703125 0.053125 0.0546875
3 0.9203125 0.146875 0.15 0.04375