1 0.4984375 0.5359375 0.95 0.4078125
9 0.2921875 0.18125 0.5625 0.1125
7 0.15 0.1796875 0.06875 0.0921875
12 0.2234375 0.178125 0.06875 0.1
11 0.0984375 0.4015625 0.078125 0.084375
11 0.196875 0.4 0.0796875 0.0953125
11 0.2828125 0.415625 0.078125 0.1015625
11 0.0984375 0.5328125 0.0859375 0.0875
11 0.1 0.6578125 0.0796875 0.1
11 0.2015625 0.6546875 0.0828125 0.0984375
6 0.2015625 0.5296875 0.0828125 0.0875
6 0.403125 0.4109375 0.075 0.0828125
13 0.75 0.5078125 0.0953125 0.1671875
13 0.9921875 0.3375 0.015625 0.05625
13 0.9765625 0.621875 0.0453125 0.1546875
4 0.028125 0.45 0.05625 0.053125
4 0.0296875 0.575 0.0578125 0.05
4 0.0296875 0.7015625 0.0578125 0.053125
10 0.0765625 0.4140625 0.0875 0.0828125
10 0.25625 0.4921875 0.075 0.0765625
10 0.0765625 0.6359375 0.08125 0.08125
10 0.2453125 0.5921875 0.090625 0.078125
3 0.921875 0.1453125 0.146875 0.040625