1 0.50625 0.5375 0.953125 0.4125
9 0.2921875 0.1828125 0.5640625 0.1140625
7 0.15 0.1765625 0.0640625 0.0953125
12 0.2234375 0.178125 0.0640625 0.09375
11 0.1015625 0.403125 0.0859375 0.1
11 0.2046875 0.4015625 0.0828125 0.09375
11 0.3 0.4 0.078125 0.096875
11 0.5984375 0.403125 0.084375 0.1
11 0.096875 0.5328125 0.078125 0.090625
11 0.3 0.5296875 0.0796875 0.0828125
11 0.6 0.528125 0.0921875 0.084375
11 0.0953125 0.6578125 0.0859375 0.0890625
11 0.203125 0.65625 0.075 0.084375
11 0.6 0.6515625 0.096875 0.090625
8 0.8421875 0.3421875 0.0765625 0.09375
6 0.3984375 0.4046875 0.0875 0.090625
6 0.5046875 0.4015625 0.0875 0.096875
6 0.2046875 0.525 0.0828125 0.096875
6 0.4015625 0.5296875 0.078125 0.0875
6 0.50625 0.5296875 0.0828125 0.0828125
6 0.303125 0.6515625 0.0890625 0.09375
6 0.4046875 0.6515625 0.0828125 0.0875
6 0.5046875 0.65 0.0890625 0.090625
4 0.0265625 0.4515625 0.053125 0.0625
4 0.0265625 0.5765625 0.053125 0.05625
4 0.0265625 0.6984375 0.053125 0.0484375
3 0.925 0.1453125 0.14375 0.040625