1 0.503125 0.5390625 0.9484375 0.403125
9 0.2921875 0.1796875 0.5625 0.109375
7 0.1515625 0.1796875 0.065625 0.09375
12 0.221875 0.1796875 0.0671875 0.0984375
11 0.096875 0.4 0.08125 0.0953125
11 0.2 0.4015625 0.078125 0.0921875
11 0.3015625 0.4015625 0.08125 0.0953125
11 0.1 0.5265625 0.0765625 0.103125
11 0.3015625 0.5265625 0.0765625 0.09375
11 0.096875 0.653125 0.084375 0.0953125
11 0.2046875 0.65 0.0890625 0.1015625
11 0.603125 0.4015625 0.0890625 0.1015625
6 0.3953125 0.403125 0.078125 0.090625
6 0.1984375 0.534375 0.0765625 0.0859375
6 0.4 0.5296875 0.0859375 0.0828125
6 0.303125 0.6515625 0.0796875 0.0921875
6 0.4 0.65625 0.0875 0.0828125
13 0.6984375 0.6296875 0.1 0.153125
4 0.0265625 0.4515625 0.0515625 0.05
4 0.0265625 0.575 0.053125 0.0546875
4 0.025 0.6984375 0.05 0.05625
10 0.0859375 0.4390625 0.075 0.075
3 0.91875 0.1453125 0.146875 0.0390625