1 0.5 0.5375 0.959375 0.4125
9 0.290625 0.18125 0.5625 0.1125
7 0.15 0.1796875 0.0625 0.090625
12 0.2234375 0.178125 0.0640625 0.090625
11 0.0984375 0.403125 0.0875 0.0921875
11 0.2015625 0.4046875 0.078125 0.0875
11 0.3015625 0.403125 0.0859375 0.0953125
11 0.5984375 0.4046875 0.09375 0.0921875
11 0.603125 0.5296875 0.0828125 0.1015625
11 0.3078125 0.53125 0.078125 0.084375
11 0.0984375 0.5296875 0.08125 0.09375
11 0.1 0.653125 0.08125 0.084375
11 0.20625 0.6546875 0.0875 0.1
6 0.4078125 0.4046875 0.0796875 0.0921875
6 0.5046875 0.403125 0.0859375 0.0953125
6 0.2078125 0.5296875 0.0859375 0.090625
6 0.403125 0.525 0.08125 0.1
6 0.509375 0.5296875 0.0921875 0.103125
6 0.3109375 0.65625 0.0875 0.0859375
6 0.4109375 0.65 0.0875 0.090625
13 0.8796875 0.38125 0.096875 0.146875
13 0.821875 0.6359375 0.0953125 0.146875
4 0.028125 0.453125 0.05625 0.053125
4 0.0265625 0.5765625 0.053125 0.0578125
4 0.028125 0.7015625 0.05625 0.059375
10 0.375 0.3890625 0.078125 0.0984375
10 0.1890625 0.3859375 0.040625 0.0265625
3 0.9234375 0.1453125 0.1453125 0.040625