1 0.5015625 0.5375 0.9453125 0.4
9 0.290625 0.18125 0.559375 0.1125
7 0.1484375 0.178125 0.0671875 0.0953125
12 0.2234375 0.178125 0.0625 0.0921875
11 0.1015625 0.403125 0.0765625 0.090625
11 0.2 0.4046875 0.0859375 0.096875
11 0.3015625 0.3828125 0.08125 0.0625
11 0.096875 0.5265625 0.0828125 0.0984375
11 0.3 0.525 0.084375 0.1
11 0.0984375 0.6515625 0.08125 0.09375
11 0.1984375 0.6515625 0.078125 0.0953125
11 0.6 0.4015625 0.0828125 0.0921875
6 0.4 0.4078125 0.0890625 0.08125
6 0.2046875 0.528125 0.0828125 0.0875
6 0.4015625 0.525 0.0921875 0.0875
6 0.3015625 0.6484375 0.0828125 0.096875
6 0.4 0.653125 0.078125 0.078125
4 0.0265625 0.453125 0.053125 0.0546875
4 0.0296875 0.5765625 0.0578125 0.0578125
4 0.0265625 0.7 0.053125 0.0578125
10 0.19375 0.3453125 0.05625 0.05625
10 0.2890625 0.4296875 0.0875 0.08125
10 0.74375 0.6484375 0.1015625 0.1015625
3 0.9234375 0.1453125 0.1453125 0.0390625