1 0.5015625 0.5390625 0.946875 0.415625
9 0.2921875 0.1796875 0.565625 0.109375
7 0.15 0.178125 0.0625 0.09375
12 0.2234375 0.178125 0.0640625 0.0921875
11 0.1 0.4015625 0.0859375 0.103125
11 0.2015625 0.4046875 0.078125 0.096875
11 0.1 0.5265625 0.078125 0.0984375
11 0.10625 0.6546875 0.0859375 0.0859375
6 0.20625 0.525 0.0875 0.115625
13 0.934375 0.509375 0.10625 0.15
4 0.025 0.4515625 0.0484375 0.0640625
4 0.025 0.5765625 0.05 0.053125
4 0.028125 0.703125 0.0546875 0.05625
10 0.2109375 0.4015625 0.0875 0.0921875
3 0.921875 0.1453125 0.146875 0.040625