1 0.5046875 0.5390625 0.9515625 0.4125
9 0.290625 0.18125 0.5625 0.1109375
7 0.15 0.1765625 0.0671875 0.090625
12 0.2203125 0.1796875 0.06875 0.090625
11 0.1015625 0.403125 0.075 0.103125
11 0.10625 0.5296875 0.0828125 0.1015625
11 0.1 0.653125 0.09375 0.090625
6 0.203125 0.5296875 0.0875 0.1015625
13 0.9515625 0.5046875 0.0875 0.159375
4 0.0265625 0.4515625 0.053125 0.053125
4 0.0265625 0.5796875 0.05 0.05
4 0.0265625 0.703125 0.053125 0.053125
10 0.2078125 0.3140625 0.078125 0.08125
3 0.921875 0.1453125 0.15 0.040625