1 0.496875 0.5421875 0.9515625 0.4078125
9 0.290625 0.18125 0.5671875 0.1125
7 0.15 0.178125 0.065625 0.09375
12 0.2234375 0.1765625 0.0625 0.0953125
11 0.1015625 0.4 0.078125 0.0921875
11 0.1953125 0.4046875 0.078125 0.0890625
11 0.3015625 0.4015625 0.0921875 0.096875
11 0.6140625 0.3984375 0.0625 0.0953125
11 0.0984375 0.5265625 0.0828125 0.0984375
11 0.3015625 0.525 0.0828125 0.0921875
11 0.60625 0.525 0.0765625 0.09375
11 0.7015625 0.5265625 0.084375 0.0984375
11 0.103125 0.6515625 0.0828125 0.0828125
11 0.203125 0.653125 0.08125 0.0875
11 0.6109375 0.6578125 0.0765625 0.0890625
6 0.4046875 0.4046875 0.0890625 0.09375
6 0.2046875 0.5296875 0.0875 0.09375
6 0.4015625 0.53125 0.075 0.090625
6 0.5046875 0.5234375 0.0859375 0.0953125
6 0.3046875 0.6546875 0.090625 0.1
6 0.3984375 0.6515625 0.0875 0.1
6 0.5015625 0.6484375 0.0828125 0.0921875
4 0.0296875 0.4546875 0.0578125 0.0546875
4 0.0296875 0.578125 0.0578125 0.0546875
4 0.03125 0.703125 0.0609375 0.0578125
3 0.91875 0.14375 0.1453125 0.0359375