1 0.5015625 0.5390625 0.946875 0.4015625
9 0.2921875 0.18125 0.5640625 0.1125
7 0.1515625 0.178125 0.0625 0.0890625
12 0.2234375 0.178125 0.059375 0.090625
11 0.096875 0.4015625 0.0828125 0.0953125
11 0.2015625 0.3984375 0.0875 0.0953125
11 0.3 0.403125 0.084375 0.0875
11 0.1 0.525 0.084375 0.1
11 0.2984375 0.525 0.0890625 0.09375
11 0.0953125 0.6546875 0.0859375 0.090625
11 0.2015625 0.6515625 0.084375 0.1
6 0.4015625 0.3984375 0.0828125 0.1
6 0.4015625 0.528125 0.0875 0.09375
6 0.2015625 0.525 0.0890625 0.1
6 0.3 0.6515625 0.090625 0.0953125
6 0.5875 0.3875 0.090625 0.0828125
13 0.8 0.6375 0.1 0.1515625
4 0.028125 0.4453125 0.0546875 0.0578125
4 0.0265625 0.578125 0.053125 0.05
4 0.0265625 0.703125 0.053125 0.053125
10 0.553125 0.4671875 0.09375 0.0984375
3 0.921875 0.146875 0.15 0.04375