1 0.5046875 0.5375 0.953125 0.40625
9 0.2921875 0.18125 0.565625 0.1125
7 0.15 0.1765625 0.065625 0.0953125
12 0.2234375 0.1765625 0.0640625 0.09375
11 0.096875 0.4015625 0.08125 0.0921875
11 0.2046875 0.4046875 0.0875 0.0921875
11 0.3015625 0.403125 0.0875 0.09375
11 0.103125 0.5296875 0.078125 0.1015625
11 0.1046875 0.653125 0.084375 0.090625
11 0.1984375 0.6546875 0.0828125 0.09375
6 0.4046875 0.403125 0.0875 0.0953125
6 0.4046875 0.528125 0.0875 0.1
6 0.2046875 0.5296875 0.0921875 0.090625
13 0.8796875 0.3796875 0.090625 0.1578125
13 0.8796875 0.634375 0.0953125 0.1671875
4 0.0265625 0.4515625 0.053125 0.0578125
4 0.0265625 0.575 0.053125 0.053125
4 0.0265625 0.7015625 0.053125 0.05
3 0.9234375 0.14375 0.15 0.0375