1 0.503125 0.5375 0.95 0.4
9 0.290625 0.1796875 0.5609375 0.109375
7 0.1515625 0.1796875 0.065625 0.090625
12 0.2265625 0.1796875 0.065625 0.0953125
11 0.10625 0.40625 0.08125 0.0953125
11 0.1984375 0.4046875 0.0859375 0.0890625
11 0.30625 0.40625 0.0859375 0.084375
11 0.1046875 0.5265625 0.0890625 0.0953125
11 0.3 0.5296875 0.078125 0.084375
11 0.0953125 0.6546875 0.078125 0.0875
11 0.2046875 0.6515625 0.08125 0.096875
11 0.5953125 0.40625 0.0828125 0.0875
11 0.6 0.5265625 0.0875 0.09375
6 0.403125 0.4015625 0.08125 0.0953125
6 0.50625 0.403125 0.075 0.0890625
6 0.2078125 0.5359375 0.0828125 0.09375
6 0.4046875 0.5265625 0.0953125 0.0953125
6 0.2984375 0.6546875 0.090625 0.0890625
6 0.40625 0.6515625 0.0859375 0.0828125
0 0.846875 0.4921875 0.1203125 0.184375
13 0.9625 0.3859375 0.075 0.1484375
13 0.9328125 0.634375 0.06875 0.1546875
13 0.971875 0.634375 0.05625 0.146875
4 0.0265625 0.45 0.0515625 0.053125
4 0.028125 0.5765625 0.05625 0.05
4 0.025 0.703125 0.05 0.0625
10 0.096875 0.2078125 0.0828125 0.0890625
3 0.9234375 0.1453125 0.1453125 0.0390625