1 0.5015625 0.5390625 0.9484375 0.403125
9 0.2921875 0.1828125 0.5625 0.115625
7 0.15 0.1796875 0.065625 0.0890625
12 0.2265625 0.1796875 0.0640625 0.090625
11 0.103125 0.4015625 0.0765625 0.0953125
11 0.2 0.4015625 0.08125 0.0953125
11 0.303125 0.403125 0.0875 0.0921875
11 0.103125 0.528125 0.08125 0.0953125
11 0.3046875 0.528125 0.0875 0.0890625
11 0.1046875 0.6546875 0.084375 0.1046875
11 0.2046875 0.6515625 0.0875 0.0984375
6 0.4 0.4015625 0.0828125 0.0875
6 0.2 0.5328125 0.0875 0.0875
6 0.4078125 0.528125 0.0796875 0.0875
6 0.3078125 0.6546875 0.090625 0.09375
6 0.49375 0.5765625 0.0765625 0.0875
13 0.7765625 0.634375 0.1015625 0.1484375
4 0.025 0.4484375 0.05 0.05625
4 0.028125 0.5765625 0.05625 0.0515625
4 0.03125 0.7015625 0.0609375 0.053125
10 0.5515625 0.553125 0.08125 0.0921875
3 0.921875 0.1453125 0.1453125 0.0390625