1 0.5015625 0.5359375 0.9515625 0.4046875
9 0.290625 0.18125 0.5671875 0.1125
7 0.15 0.178125 0.06875 0.09375
12 0.225 0.1765625 0.0671875 0.096875
11 0.10625 0.403125 0.078125 0.0875
11 0.1984375 0.403125 0.0875 0.09375
11 0.3015625 0.4 0.0875 0.09375
11 0.5984375 0.403125 0.0953125 0.09375
11 0.0984375 0.528125 0.09375 0.0890625
11 0.3015625 0.528125 0.0765625 0.090625
11 0.5984375 0.5296875 0.065625 0.096875
11 0.6828125 0.5453125 0.078125 0.096875
11 0.1 0.6515625 0.0890625 0.0875
11 0.2015625 0.65625 0.0875 0.0890625
11 0.6 0.6546875 0.103125 0.0890625
8 0.859375 0.459375 0.0765625 0.0953125
6 0.40625 0.40625 0.0828125 0.084375
6 0.5046875 0.4 0.08125 0.09375
6 0.2046875 0.5296875 0.078125 0.1
6 0.4078125 0.5296875 0.0828125 0.0890625
6 0.503125 0.528125 0.08125 0.0953125
6 0.3046875 0.6546875 0.0828125 0.090625
6 0.4078125 0.6546875 0.0875 0.0921875
6 0.5046875 0.6515625 0.075 0.0875
4 0.028125 0.4515625 0.0546875 0.0625
4 0.0265625 0.575 0.053125 0.0578125
4 0.0296875 0.7 0.0578125 0.0578125
3 0.9234375 0.14375 0.14375 0.0359375