1 0.503125 0.5359375 0.953125 0.4015625
9 0.290625 0.1796875 0.5640625 0.109375
7 0.1484375 0.1796875 0.065625 0.0984375
12 0.2234375 0.178125 0.0640625 0.09375
11 0.0953125 0.390625 0.078125 0.05625
11 0.1984375 0.3984375 0.0859375 0.1
11 0.096875 0.5234375 0.090625 0.103125
11 0.096875 0.653125 0.0828125 0.0953125
6 0.2109375 0.5296875 0.0921875 0.1078125
13 0.75625 0.5078125 0.0953125 0.159375
13 0.9875 0.3453125 0.0234375 0.0828125
4 0.0265625 0.4515625 0.053125 0.0578125
4 0.0265625 0.5796875 0.053125 0.053125
4 0.025 0.6984375 0.05 0.0609375
10 0.1078125 0.4171875 0.0875 0.0890625
3 0.91875 0.14375 0.1453125 0.0375