1 0.5 0.5359375 0.9484375 0.40625
9 0.2921875 0.18125 0.5640625 0.1109375
7 0.15 0.178125 0.0640625 0.0921875
12 0.2234375 0.1796875 0.065625 0.096875
11 0.1046875 0.4015625 0.078125 0.0921875
11 0.1984375 0.4 0.08125 0.09375
11 0.3015625 0.4 0.08125 0.0984375
11 0.6046875 0.40625 0.078125 0.096875
11 0.103125 0.5265625 0.075 0.090625
11 0.3015625 0.5234375 0.0828125 0.084375
11 0.6046875 0.528125 0.0859375 0.0921875
11 0.1015625 0.6515625 0.08125 0.0890625
11 0.1953125 0.65625 0.08125 0.0859375
6 0.3984375 0.403125 0.08125 0.1
6 0.5109375 0.403125 0.0875 0.0828125
6 0.2046875 0.5265625 0.0875 0.1
6 0.4015625 0.5234375 0.0796875 0.0953125
6 0.5 0.525 0.0734375 0.0875
6 0.303125 0.6546875 0.09375 0.1
11 0.540625 0.5609375 0.075 0.0890625
6 0.4078125 0.65 0.09375 0.0890625
13 0.803125 0.6296875 0.103125 0.14375
13 0.8625 0.384375 0.103125 0.1515625
4 0.025 0.45 0.05 0.0625
4 0.025 0.575 0.05 0.0625
4 0.025 0.7015625 0.0484375 0.05
10 0.175 0.4265625 0.0828125 0.084375
10 0.471875 0.303125 0.0828125 0.0953125
3 0.9203125 0.1453125 0.1484375 0.040625