1 0.503125 0.5359375 0.9515625 0.4046875
9 0.29375 0.18125 0.565625 0.1125
7 0.15 0.178125 0.06875 0.0953125
12 0.2234375 0.1765625 0.0640625 0.09375
11 0.0984375 0.4015625 0.084375 0.1015625
11 0.2046875 0.4078125 0.08125 0.1015625
11 0.303125 0.403125 0.08125 0.0984375
11 0.0984375 0.528125 0.08125 0.09375
11 0.10625 0.6546875 0.09375 0.0875
11 0.2046875 0.6578125 0.0875 0.0984375
6 0.40625 0.4 0.0875 0.096875
6 0.4109375 0.53125 0.084375 0.090625
6 0.20625 0.5265625 0.090625 0.1
6 0.30625 0.653125 0.0828125 0.0875
13 0.7328125 0.38125 0.0921875 0.1609375
13 0.75625 0.6328125 0.09375 0.1640625
4 0.028125 0.4484375 0.0546875 0.0484375
4 0.0296875 0.578125 0.0578125 0.053125
4 0.0265625 0.7015625 0.053125 0.05
10 0.7546875 0.5109375 0.078125 0.0828125
3 0.9203125 0.14375 0.14375 0.0375