1 0.5015625 0.534375 0.953125 0.4125
8 0.29375 0.18125 0.559375 0.1125
6 0.15 0.178125 0.0703125 0.096875
11 0.2234375 0.178125 0.0671875 0.1
10 0.1 0.4015625 0.0828125 0.0953125
10 0.2015625 0.4015625 0.084375 0.0953125
10 0.296875 0.4015625 0.078125 0.0890625
10 0.096875 0.528125 0.0796875 0.0875
10 0.1 0.640625 0.0875 0.0546875
10 0.196875 0.6515625 0.08125 0.090625
10 0.3 0.5125 0.0828125 0.05625
10 0.6046875 0.5296875 0.0796875 0.0953125
10 0.6046875 0.390625 0.078125 0.059375
5 0.409375 0.4 0.084375 0.090625
5 0.50625 0.4015625 0.08125 0.0921875
5 0.203125 0.53125 0.078125 0.096875
5 0.4046875 0.5328125 0.0875 0.0828125
5 0.30625 0.6546875 0.0859375 0.084375
5 0.4015625 0.6515625 0.0828125 0.096875
0 0.959375 0.4921875 0.0796875 0.1859375
3 0.0265625 0.45 0.053125 0.0515625
3 0.0265625 0.5796875 0.053125 0.05
3 0.0265625 0.7015625 0.0515625 0.0515625
9 0.0828125 0.6765625 0.084375 0.071875
9 0.2796875 0.5453125 0.075 0.0796875
9 0.58125 0.4296875 0.0828125 0.0765625
9 0.5390625 0.325 0.078125 0.08125