1 0.503125 0.540625 0.953125 0.409375
8 0.290625 0.18125 0.5671875 0.1109375
6 0.1484375 0.1796875 0.065625 0.09375
11 0.2265625 0.178125 0.075 0.1
10 0.0984375 0.403125 0.0796875 0.1078125
10 0.2015625 0.4015625 0.08125 0.1
10 0.0984375 0.528125 0.0828125 0.1078125
10 0.1078125 0.65625 0.0828125 0.0875
5 0.2046875 0.525 0.0875 0.1
12 0.81875 0.509375 0.0921875 0.1578125
3 0.0296875 0.4484375 0.0578125 0.05625
3 0.0265625 0.5765625 0.053125 0.0546875
3 0.025 0.703125 0.05 0.053125
9 0.1890625 0.425 0.1015625 0.090625
9 0.5828125 0.3828125 0.115625 0.090625