1 0.5 0.5375 0.9484375 0.403125
8 0.29375 0.18125 0.565625 0.1125
6 0.15 0.178125 0.0703125 0.096875
11 0.2234375 0.1796875 0.0640625 0.1
10 0.103125 0.4 0.078125 0.0953125
10 0.1984375 0.4015625 0.0875 0.0984375
10 0.1015625 0.5265625 0.08125 0.1
10 0.0921875 0.653125 0.084375 0.090625
5 0.2015625 0.525 0.078125 0.1
12 0.8078125 0.5125 0.1140625 0.153125
3 0.0296875 0.45 0.0578125 0.05
3 0.0265625 0.575 0.053125 0.053125
3 0.028125 0.7046875 0.05625 0.053125
9 0.071875 0.19375 0.1015625 0.1140625
9 0.58125 0.4671875 0.1 0.0984375