1 0.5046875 0.5359375 0.9578125 0.4046875
8 0.2921875 0.1828125 0.565625 0.1140625
6 0.15 0.1765625 0.065625 0.096875
11 0.2234375 0.1765625 0.065625 0.09375
10 0.096875 0.4046875 0.0828125 0.09375
10 0.20625 0.4015625 0.0875 0.0953125
10 0.3046875 0.4015625 0.08125 0.09375
10 0.2984375 0.528125 0.0765625 0.0953125
10 0.59375 0.4046875 0.078125 0.096875
10 0.6015625 0.5234375 0.084375 0.103125
10 0.1046875 0.5328125 0.078125 0.0921875
10 0.1046875 0.6546875 0.0765625 0.0953125
10 0.2015625 0.6515625 0.0828125 0.1
5 0.4 0.4015625 0.084375 0.0953125
5 0.5046875 0.40625 0.078125 0.0859375
5 0.2046875 0.53125 0.090625 0.0921875
5 0.4046875 0.5234375 0.0875 0.0953125
5 0.3046875 0.6578125 0.0875 0.0984375
5 0.4015625 0.65625 0.0875 0.0953125
3 0.028125 0.4484375 0.05625 0.0625
3 0.028125 0.578125 0.0546875 0.0546875
3 0.0265625 0.703125 0.053125 0.0484375
9 0.58125 0.43125 0.0765625 0.071875
9 0.0875 0.5890625 0.0671875 0.0609375