1 0.496875 0.5359375 0.95625 0.3953125
8 0.2921875 0.18125 0.565625 0.1125
6 0.15 0.178125 0.06875 0.096875
11 0.225 0.178125 0.0671875 0.0953125
10 0.096875 0.4046875 0.0875 0.0984375
10 0.2 0.4046875 0.0953125 0.0921875
10 0.1 0.5265625 0.0859375 0.1
10 0.0953125 0.6546875 0.0828125 0.0890625
5 0.2 0.5265625 0.090625 0.1078125
5 0.4046875 0.3984375 0.090625 0.103125
12 0.7234375 0.5265625 0.0890625 0.125
12 0.96875 0.3796875 0.0625 0.159375
3 0.025 0.45 0.0484375 0.046875
3 0.028125 0.5765625 0.053125 0.046875
3 0.0265625 0.7015625 0.053125 0.0578125
9 0.525 0.33125 0.0734375 0.0828125