1 0.5046875 0.5375 0.95 0.403125
8 0.2921875 0.1828125 0.5625 0.115625
6 0.1515625 0.1796875 0.0640625 0.1
11 0.225 0.178125 0.0640625 0.090625
10 0.10625 0.4046875 0.090625 0.096875
10 0.1 0.528125 0.0828125 0.1015625
10 0.09375 0.6578125 0.0859375 0.0875
10 0.2078125 0.6546875 0.0875 0.09375
10 0.2 0.4015625 0.08125 0.09375
10 0.3015625 0.4015625 0.08125 0.103125
5 0.40625 0.4 0.0921875 0.103125
5 0.4046875 0.5265625 0.0921875 0.0953125
5 0.20625 0.5296875 0.0953125 0.1
12 0.8625 0.38125 0.0921875 0.165625
12 0.8609375 0.6328125 0.1078125 0.159375
3 0.028125 0.4515625 0.0546875 0.05
3 0.025 0.575 0.05 0.0546875
3 0.0265625 0.7015625 0.053125 0.0546875