1 0.5046875 0.5375 0.9484375 0.403125
8 0.2921875 0.18125 0.56875 0.1078125
6 0.1515625 0.178125 0.065625 0.090625
11 0.2234375 0.178125 0.0640625 0.0921875
10 0.096875 0.403125 0.084375 0.1015625
10 0.209375 0.4078125 0.08125 0.09375
10 0.3046875 0.4 0.0828125 0.096875
10 0.1015625 0.5265625 0.0859375 0.1015625
10 0.103125 0.6515625 0.090625 0.0984375
10 0.20625 0.6546875 0.084375 0.0890625
5 0.4046875 0.4 0.0953125 0.09375
5 0.4 0.5296875 0.0890625 0.09375
5 0.203125 0.528125 0.0828125 0.1
5 0.3046875 0.653125 0.0875 0.0921875
12 0.6921875 0.4046875 0.0890625 0.115625
12 0.71875 0.6328125 0.090625 0.15625
3 0.025 0.45 0.05 0.053125
3 0.0265625 0.5765625 0.053125 0.053125
3 0.0296875 0.7015625 0.0578125 0.053125
9 0.2171875 0.4109375 0.1 0.0984375