1 0.5 0.5375 0.9484375 0.403125
8 0.2890625 0.18125 0.565625 0.1125
6 0.15 0.1765625 0.0625 0.1
11 0.2234375 0.178125 0.0640625 0.09375
10 0.1 0.396875 0.084375 0.09375
10 0.2015625 0.4015625 0.0828125 0.1
10 0.3046875 0.403125 0.090625 0.0953125
10 0.6 0.403125 0.08125 0.084375
10 0.3015625 0.528125 0.0796875 0.0921875
10 0.1046875 0.503125 0.0828125 0.0453125
10 0.60625 0.5109375 0.0921875 0.05625
10 0.0984375 0.6515625 0.08125 0.0953125
10 0.2046875 0.6546875 0.0890625 0.084375
5 0.4046875 0.4 0.0828125 0.096875
5 0.503125 0.4046875 0.0828125 0.09375
5 0.1984375 0.5296875 0.078125 0.1
5 0.4046875 0.5265625 0.0796875 0.0859375
5 0.50625 0.5265625 0.0765625 0.0875
5 0.3046875 0.6546875 0.0875 0.0984375
5 0.4046875 0.6546875 0.0828125 0.0984375
12 0.8640625 0.65625 0.053125 0.1125
12 0.8921875 0.6328125 0.0875 0.1390625
12 0.8921875 0.3828125 0.078125 0.1609375
12 0.9453125 0.3828125 0.09375 0.1453125
3 0.0265625 0.4515625 0.053125 0.0609375
3 0.028125 0.575 0.0546875 0.0515625
3 0.0265625 0.7015625 0.053125 0.053125
9 0.0890625 0.5375 0.078125 0.0875
9 0.1796875 0.621875 0.078125 0.078125
9 0.328125 0.5109375 0.09375 0.0875
9 0.6046875 0.553125 0.0890625 0.09375