1 0.5015625 0.5375 0.946875 0.4078125
8 0.2921875 0.1796875 0.565625 0.109375
6 0.1515625 0.178125 0.0640625 0.0953125
11 0.2234375 0.1765625 0.0640625 0.096875
10 0.1 0.4015625 0.0890625 0.096875
10 0.1015625 0.5296875 0.090625 0.10625
10 0.1 0.653125 0.084375 0.096875
10 0.19375 0.6515625 0.075 0.0953125
10 0.2078125 0.4078125 0.0859375 0.0953125
10 0.303125 0.403125 0.0875 0.096875
5 0.4015625 0.40625 0.0828125 0.090625
5 0.403125 0.5296875 0.090625 0.090625
5 0.2125 0.53125 0.0984375 0.1
12 0.9265625 0.38125 0.090625 0.165625
12 0.9046875 0.6328125 0.09375 0.165625
3 0.0265625 0.4515625 0.0515625 0.0578125
3 0.025 0.575 0.05 0.05
3 0.0265625 0.7 0.0515625 0.05