1 0.4984375 0.5390625 0.9484375 0.40625
8 0.2953125 0.1828125 0.5734375 0.115625
6 0.15 0.178125 0.0640625 0.09375
11 0.2234375 0.1765625 0.065625 0.090625
10 0.1 0.4015625 0.0890625 0.0953125
10 0.2 0.403125 0.0734375 0.0953125
10 0.09375 0.5296875 0.078125 0.0921875
10 0.10625 0.6578125 0.09375 0.0859375
5 0.2015625 0.5296875 0.078125 0.084375
5 0.4078125 0.4046875 0.0890625 0.090625
12 0.8375 0.384375 0.1015625 0.153125
3 0.0265625 0.4546875 0.0515625 0.053125
3 0.028125 0.5765625 0.05625 0.053125
3 0.0265625 0.703125 0.053125 0.0546875
9 0.7796875 0.459375 0.0953125 0.0953125