1 0.503125 0.540625 0.95 0.4078125
8 0.290625 0.1828125 0.5625 0.1140625
6 0.1515625 0.1796875 0.0625 0.090625
11 0.225 0.1765625 0.065625 0.0984375
10 0.103125 0.4015625 0.075 0.09375
10 0.1984375 0.4078125 0.0875 0.084375
10 0.3 0.3984375 0.08125 0.0921875
10 0.609375 0.4015625 0.0796875 0.1
10 0.1046875 0.53125 0.075 0.0875
10 0.3015625 0.5296875 0.0796875 0.090625
10 0.603125 0.5265625 0.0875 0.090625
10 0.103125 0.653125 0.08125 0.0953125
10 0.1984375 0.6546875 0.0875 0.090625
10 0.596875 0.6546875 0.08125 0.084375
5 0.4046875 0.403125 0.075 0.0921875
5 0.503125 0.4046875 0.09375 0.0875
5 0.2109375 0.53125 0.0765625 0.0953125
5 0.4 0.5296875 0.0828125 0.0953125
5 0.5125 0.5296875 0.078125 0.090625
5 0.309375 0.6546875 0.0859375 0.0953125
5 0.4125 0.65625 0.090625 0.090625
12 0.83125 0.3796875 0.0921875 0.128125
12 0.7703125 0.6359375 0.10625 0.1640625
3 0.028125 0.45 0.0546875 0.0625
3 0.028125 0.5765625 0.05625 0.0609375
3 0.025 0.7 0.05 0.05625
9 0.175 0.4265625 0.090625 0.0796875