1 0.5 0.5375 0.9484375 0.409375
8 0.290625 0.18125 0.5671875 0.1125
6 0.15 0.178125 0.06875 0.096875
11 0.221875 0.1765625 0.0671875 0.0953125
10 0.1 0.3953125 0.0828125 0.1
10 0.2 0.4 0.075 0.0984375
10 0.1015625 0.525 0.0703125 0.0859375
10 0.109375 0.65625 0.0796875 0.0890625
10 0.203125 0.6515625 0.0828125 0.0875
5 0.1984375 0.525 0.078125 0.090625
5 0.4046875 0.4 0.0875 0.0875
12 0.7109375 0.4046875 0.0859375 0.125
12 0.9640625 0.5 0.071875 0.140625
3 0.028125 0.45 0.0546875 0.053125
3 0.0265625 0.5765625 0.053125 0.05
3 0.028125 0.7 0.0546875 0.053125
9 0.1890625 0.6625 0.096875 0.090625
9 0.7703125 0.5734375 0.0984375 0.103125