1 0.5 0.5359375 0.9484375 0.40625
8 0.2921875 0.18125 0.5640625 0.1109375
6 0.15 0.178125 0.0640625 0.0921875
11 0.2234375 0.1796875 0.065625 0.096875
10 0.1046875 0.4015625 0.078125 0.0921875
10 0.1984375 0.4 0.08125 0.09375
10 0.3015625 0.4 0.08125 0.0984375
10 0.6046875 0.40625 0.078125 0.096875
10 0.103125 0.5265625 0.075 0.090625
10 0.3015625 0.5234375 0.0828125 0.084375
10 0.6046875 0.528125 0.0859375 0.0921875
10 0.1015625 0.6515625 0.08125 0.0890625
10 0.1953125 0.65625 0.08125 0.0859375
5 0.3984375 0.403125 0.08125 0.1
5 0.5109375 0.403125 0.0875 0.0828125
5 0.2046875 0.5265625 0.0875 0.1
5 0.4015625 0.5234375 0.0796875 0.0953125
5 0.5 0.525 0.0734375 0.0875
5 0.303125 0.6546875 0.09375 0.1
10 0.540625 0.5609375 0.075 0.0890625
5 0.4078125 0.65 0.09375 0.0890625
12 0.803125 0.6296875 0.103125 0.14375
12 0.8625 0.384375 0.103125 0.1515625
3 0.025 0.45 0.05 0.0625
3 0.025 0.575 0.05 0.0625
3 0.025 0.7015625 0.0484375 0.05
9 0.175 0.4265625 0.0828125 0.084375
9 0.471875 0.303125 0.0828125 0.0953125