1 0.503125 0.5359375 0.9515625 0.4046875
8 0.29375 0.18125 0.565625 0.1125
6 0.15 0.178125 0.06875 0.0953125
11 0.2234375 0.1765625 0.0640625 0.09375
10 0.0984375 0.4015625 0.084375 0.1015625
10 0.2046875 0.4078125 0.08125 0.1015625
10 0.303125 0.403125 0.08125 0.0984375
10 0.0984375 0.528125 0.08125 0.09375
10 0.10625 0.6546875 0.09375 0.0875
10 0.2046875 0.6578125 0.0875 0.0984375
5 0.40625 0.4 0.0875 0.096875
5 0.4109375 0.53125 0.084375 0.090625
5 0.20625 0.5265625 0.090625 0.1
5 0.30625 0.653125 0.0828125 0.0875
12 0.7328125 0.38125 0.0921875 0.1609375
12 0.75625 0.6328125 0.09375 0.1640625
3 0.028125 0.4484375 0.0546875 0.0484375
3 0.0296875 0.578125 0.0578125 0.053125
3 0.0265625 0.7015625 0.053125 0.05
9 0.7546875 0.5109375 0.078125 0.0828125