1 0.5 0.5375 0.9484375 0.403125
8 0.290625 0.18125 0.5671875 0.1125
6 0.15 0.178125 0.065625 0.09375
11 0.225 0.1765625 0.06875 0.096875
10 0.10625 0.403125 0.0703125 0.0796875
10 0.196875 0.4015625 0.090625 0.0890625
10 0.10625 0.5296875 0.0796875 0.0953125
10 0.0984375 0.6546875 0.084375 0.1
10 0.2 0.65625 0.0890625 0.1140625
10 0.3265625 0.4984375 0.0875 0.0828125
5 0.203125 0.528125 0.0859375 0.09375
5 0.40625 0.4015625 0.0859375 0.1015625
12 0.7578125 0.50625 0.1078125 0.146875
12 0.9859375 0.6171875 0.028125 0.1171875
3 0.0296875 0.4515625 0.059375 0.0515625
3 0.0296875 0.578125 0.0578125 0.0515625
3 0.028125 0.7015625 0.0546875 0.05
9 0.2546875 0.4046875 0.0875 0.0875
9 0.246875 0.5890625 0.0921875 0.0734375
9 0.08125 0.421875 0.078125 0.0875