1 0.503125 0.534375 0.953125 0.40625
8 0.290625 0.18125 0.5671875 0.1125
6 0.1515625 0.1796875 0.065625 0.0921875
11 0.2265625 0.1796875 0.0640625 0.0875
10 0.103125 0.4015625 0.0890625 0.0875
10 0.1984375 0.4015625 0.0828125 0.09375
10 0.3015625 0.4015625 0.0890625 0.096875
10 0.603125 0.4015625 0.0859375 0.0953125
10 0.0984375 0.525 0.0875 0.0984375
10 0.3109375 0.53125 0.0859375 0.0890625
10 0.603125 0.5265625 0.078125 0.0953125
10 0.7015625 0.5265625 0.0890625 0.1
10 0.1046875 0.6546875 0.084375 0.0890625
10 0.2046875 0.6546875 0.0890625 0.0875
10 0.6046875 0.6515625 0.0828125 0.1
5 0.403125 0.4046875 0.0828125 0.0984375
5 0.5046875 0.4 0.084375 0.0953125
5 0.20625 0.528125 0.0875 0.09375
5 0.4078125 0.528125 0.0828125 0.0890625
5 0.5078125 0.525 0.090625 0.1
5 0.3046875 0.653125 0.0859375 0.0953125
5 0.3984375 0.653125 0.0875 0.09375
5 0.5015625 0.6484375 0.0765625 0.0953125
3 0.0296875 0.4515625 0.059375 0.0515625
3 0.0296875 0.5765625 0.0578125 0.0578125
3 0.028125 0.6984375 0.0546875 0.0515625