1 0.503125 0.540625 0.9484375 0.4125
8 0.290625 0.18125 0.565625 0.1125
6 0.15 0.178125 0.0703125 0.096875
11 0.2234375 0.178125 0.065625 0.1
10 0.10625 0.409375 0.0890625 0.0828125
10 0.203125 0.403125 0.0796875 0.09375
10 0.0984375 0.525 0.090625 0.1078125
10 0.1015625 0.6546875 0.08125 0.0921875
10 0.2 0.646875 0.0875 0.090625
5 0.2046875 0.5296875 0.0828125 0.0953125
5 0.4046875 0.40625 0.1 0.103125
12 0.9421875 0.5078125 0.090625 0.1625
3 0.0296875 0.45 0.0578125 0.05625
3 0.0265625 0.575 0.053125 0.05
3 0.0296875 0.6984375 0.0578125 0.0578125
9 0.171875 0.334375 0.0875 0.0875
9 0.7703125 0.721875 0.0875 0.103125