1 0.5015625 0.540625 0.95 0.4
8 0.29375 0.1828125 0.5671875 0.1140625
6 0.15 0.178125 0.0609375 0.0953125
11 0.2234375 0.178125 0.065625 0.0875
10 0.0984375 0.4 0.0890625 0.1
10 0.2078125 0.40625 0.0875 0.0859375
10 0.096875 0.5296875 0.0875 0.090625
10 0.0984375 0.653125 0.078125 0.0953125
10 0.196875 0.6515625 0.0890625 0.0875
10 0.296875 0.40625 0.08125 0.0828125
10 0.303125 0.5328125 0.0921875 0.1015625
5 0.403125 0.3953125 0.078125 0.09375
5 0.4046875 0.5265625 0.0796875 0.0890625
5 0.203125 0.5296875 0.078125 0.0984375
5 0.2984375 0.6578125 0.078125 0.0875
12 0.5671875 0.6328125 0.0890625 0.15625
12 0.878125 0.6359375 0.1125 0.1515625
12 0.9265625 0.50625 0.0828125 0.1578125
3 0.028125 0.4515625 0.0546875 0.053125
3 0.0296875 0.578125 0.0578125 0.053125
3 0.0265625 0.7 0.053125 0.05
9 0.2796875 0.4796875 0.053125 0.0453125
9 0.3703125 0.6640625 0.0875 0.0875
9 0.0609375 0.2296875 0.1 0.0953125