1 0.5046875 0.5421875 0.928125 0.4
8 0.29375 0.1828125 0.5625 0.115625
6 0.1515625 0.1796875 0.065625 0.09375
11 0.2234375 0.178125 0.0625 0.0875
10 0.0984375 0.4046875 0.090625 0.09375
10 0.2078125 0.4078125 0.084375 0.0890625
10 0.2984375 0.40625 0.0796875 0.0828125
10 0.6078125 0.4078125 0.075 0.084375
10 0.1015625 0.528125 0.078125 0.09375
10 0.309375 0.53125 0.0765625 0.0890625
10 0.603125 0.5265625 0.08125 0.09375
10 0.1078125 0.6546875 0.08125 0.084375
10 0.2 0.653125 0.084375 0.0875
5 0.4 0.4078125 0.090625 0.0890625
5 0.5046875 0.4015625 0.0875 0.09375
5 0.2046875 0.528125 0.084375 0.0890625
5 0.4 0.5265625 0.0703125 0.1046875
5 0.30625 0.6546875 0.090625 0.103125
5 0.4125 0.653125 0.0828125 0.096875
5 0.4578125 0.5390625 0.0703125 0.078125
0 0.825 0.490625 0.128125 0.1796875
12 0.9171875 0.6328125 0.059375 0.1546875
12 0.9625 0.6375 0.0625 0.1359375
12 0.9390625 0.38125 0.05625 0.153125
12 0.9796875 0.38125 0.040625 0.1328125
3 0.0265625 0.45 0.0515625 0.0453125
3 0.028125 0.575 0.05625 0.05625
3 0.0265625 0.7015625 0.0515625 0.059375
9 0.325 0.25625 0.1046875 0.10625