1 0.5015625 0.5375 0.95625 0.4109375
8 0.290625 0.18125 0.5671875 0.1125
6 0.15 0.1765625 0.0671875 0.0984375
11 0.2234375 0.1796875 0.06875 0.0953125
10 0.1 0.4 0.0875 0.1
10 0.2015625 0.4015625 0.0875 0.096875
10 0.0984375 0.5265625 0.0875 0.103125
10 0.0984375 0.65625 0.0828125 0.103125
10 0.1984375 0.6484375 0.0859375 0.103125
5 0.203125 0.5265625 0.0828125 0.0875
5 0.4015625 0.40625 0.090625 0.09375
12 0.7234375 0.4015625 0.084375 0.1234375
12 0.9796875 0.4921875 0.040625 0.1375
3 0.028125 0.4515625 0.05625 0.0578125
3 0.025 0.575 0.05 0.05625
3 0.028125 0.7015625 0.05625 0.05625
9 0.0578125 0.5125 0.09375 0.0953125
9 0.1890625 0.6609375 0.09375 0.090625
9 0.771875 0.4890625 0.084375 0.0828125