1 0.5015625 0.5390625 0.94375 0.4015625
8 0.29375 0.18125 0.565625 0.1125
6 0.15 0.1796875 0.065625 0.09375
11 0.225 0.1765625 0.0640625 0.096875
10 0.0984375 0.4 0.08125 0.09375
10 0.2015625 0.4015625 0.0796875 0.0953125
10 0.3078125 0.4046875 0.08125 0.084375
10 0.1 0.5265625 0.0765625 0.0953125
10 0.3046875 0.5078125 0.0828125 0.05
10 0.2046875 0.65 0.084375 0.1
10 0.1015625 0.6296875 0.08125 0.0546875
10 0.596875 0.390625 0.08125 0.05625
10 0.59375 0.53125 0.0796875 0.0875
5 0.403125 0.4015625 0.0796875 0.090625
5 0.5078125 0.4046875 0.078125 0.0921875
5 0.2125 0.5328125 0.09375 0.09375
5 0.40625 0.525 0.0796875 0.0984375
5 0.303125 0.6546875 0.0828125 0.090625
5 0.4015625 0.6515625 0.0875 0.0953125
0 0.9515625 0.490625 0.0953125 0.1734375
12 0.990625 0.6171875 0.0171875 0.115625
3 0.0265625 0.4515625 0.053125 0.05625
3 0.0265625 0.575 0.0515625 0.053125
3 0.028125 0.703125 0.0546875 0.0515625
9 0.5375 0.4109375 0.0703125 0.0625
9 0.5828125 0.4296875 0.0640625 0.0703125
9 0.0828125 0.6828125 0.0875 0.0875
9 0.2765625 0.5390625 0.075 0.075