1 0.50625 0.5375 0.953125 0.4125
8 0.2921875 0.1828125 0.5640625 0.1140625
6 0.15 0.1765625 0.0640625 0.0953125
11 0.2234375 0.178125 0.0640625 0.09375
10 0.1015625 0.403125 0.0859375 0.1
10 0.2046875 0.4015625 0.0828125 0.09375
10 0.3 0.4 0.078125 0.096875
10 0.5984375 0.403125 0.084375 0.1
10 0.096875 0.5328125 0.078125 0.090625
10 0.3 0.5296875 0.0796875 0.0828125
10 0.6 0.528125 0.0921875 0.084375
10 0.0953125 0.6578125 0.0859375 0.0890625
10 0.203125 0.65625 0.075 0.084375
10 0.6 0.6515625 0.096875 0.090625
7 0.8421875 0.3421875 0.0765625 0.09375
5 0.3984375 0.4046875 0.0875 0.090625
5 0.5046875 0.4015625 0.0875 0.096875
5 0.2046875 0.525 0.0828125 0.096875
5 0.4015625 0.5296875 0.078125 0.0875
5 0.50625 0.5296875 0.0828125 0.0828125
5 0.303125 0.6515625 0.0890625 0.09375
5 0.4046875 0.6515625 0.0828125 0.0875
5 0.5046875 0.65 0.0890625 0.090625
3 0.0265625 0.45 0.0515625 0.0625
3 0.0265625 0.5765625 0.0515625 0.05625
3 0.0265625 0.6984375 0.053125 0.0484375