1 0.5046875 0.5375 0.9453125 0.4
8 0.2921875 0.18125 0.565625 0.1125
6 0.1515625 0.1796875 0.0671875 0.09375
11 0.2234375 0.178125 0.065625 0.09375
10 0.1046875 0.4046875 0.078125 0.0953125
10 0.1953125 0.4015625 0.08125 0.09375
10 0.3078125 0.4109375 0.0875 0.0875
10 0.1 0.5265625 0.0828125 0.096875
10 0.3 0.5265625 0.078125 0.0953125
10 0.0984375 0.6359375 0.0828125 0.0640625
10 0.2 0.65 0.0765625 0.0984375
10 0.596875 0.528125 0.075 0.0875
10 0.6 0.39375 0.078125 0.05625
5 0.4046875 0.4015625 0.0828125 0.0953125
5 0.5 0.403125 0.0828125 0.09375
5 0.203125 0.53125 0.084375 0.090625
5 0.4015625 0.5265625 0.0796875 0.0875
5 0.3078125 0.65625 0.0828125 0.0875
5 0.4078125 0.6515625 0.0875 0.0890625
0 0.9078125 0.49375 0.125 0.1828125
12 0.975 0.63125 0.0484375 0.159375
12 0.9875 0.3609375 0.025 0.125
3 0.0265625 0.4515625 0.053125 0.0515625
3 0.025 0.575 0.05 0.0515625
3 0.025 0.7015625 0.0484375 0.0484375
9 0.5796875 0.4296875 0.0875 0.0828125
9 0.5375 0.5796875 0.0984375 0.1
9 0.084375 0.684375 0.0796875 0.1